{
  "Logistic Regression": {
    "accuracy": 0.815,
    "precision": 0.8344370860927153,
    "recall": 0.9130434782608695,
    "f1_score": 0.8719723183391004,
    "roc_auc": 0.8506311360448808
  },
  "Decision Tree": {
    "accuracy": 0.69,
    "precision": 0.7714285714285715,
    "recall": 0.782608695652174,
    "f1_score": 0.7769784172661871,
    "roc_auc": 0.6240649836372136
  },
  "Random Forest": {
    "accuracy": 0.77,
    "precision": 0.7987012987012987,
    "recall": 0.8913043478260869,
    "f1_score": 0.8424657534246576,
    "roc_auc": 0.8151005142589995
  }
}